i1:
  j_xyz: 0.0 0.0 1.0
  j_rpy: 0.0 -0.0 0.0
  l_xyz: 0 0 -0.5
  l_rpy: 0 0 0
  l_len: 1
i2:
  j_xyz: 0.0 -1.0 4.89658886015e-12
  j_rpy: 0.785398163397 -1.57079632679 0.785398163397
  l_xyz: 0 0 -0.5
  l_rpy: 0 0 0
  l_len: 1
i3:
  j_xyz: 0.0 -1.0 4.89658886015e-12
  j_rpy: 0.785398163397 -1.57079632679 0.785398163397
  l_xyz: 0 0 -0.5
  l_rpy: 0 0 0
  l_len: 1
